%YAML:1.0
---
M1: !!opencv-matrix
   rows: 3
   cols: 3
   dt: d
   data: [ 3.6112808213045963e+02, 0., 1.5094447607332856e+02, 0.,
       3.5682610409242557e+02, 1.2325506744706620e+02, 0., 0., 1. ]
D1: !!opencv-matrix
   rows: 1
   cols: 5
   dt: d
   data: [ 4.6885068202208846e-01, -2.5701448121539161e+00,
       -9.3263527777891989e-03, -6.2601348349552314e-03,
       5.4005077839261908e+00 ]
M2: !!opencv-matrix
   rows: 3
   cols: 3
   dt: d
   data: [ 3.5674321119667371e+02, 0., 1.6099545184884212e+02, 0.,
       3.5249324017166754e+02, 1.2086939705523835e+02, 0., 0., 1. ]
D2: !!opencv-matrix
   rows: 1
   cols: 5
   dt: d
   data: [ 4.1659150465655481e-01, -1.9736665581029609e+00,
       -9.7228608000676092e-04, 4.7750415489706101e-03,
       4.1239001025826303e+00 ]
R: !!opencv-matrix
   rows: 3
   cols: 3
   dt: d
   data: [ 9.9998350053882423e-01, 3.4342682616231128e-03,
       4.6048291636756281e-03, -3.3959365527600777e-03,
       9.9995973502537661e-01, -8.3063796511009935e-03,
       -4.6331700863509653e-03, 8.2906048926362930e-03,
       9.9995489878567279e-01 ]
T: !!opencv-matrix
   rows: 3
   cols: 1
   dt: d
   data: [ -3.6958095246663511e+01, -4.6575554018957005e-01,
       7.2889611329199411e-02 ]
R1: !!opencv-matrix
   rows: 3
   cols: 3
   dt: d
   data: [ 9.9986850239797831e-01, 1.6018367214768903e-02,
       2.5278101583996733e-03, -1.6007703580065979e-02,
       9.9986311511272585e-01, -4.1838335493483685e-03,
       -2.5944823215499997e-03, 4.1428189495470421e-03,
       9.9998805278494918e-01 ]
R2: !!opencv-matrix
   rows: 3
   cols: 3
   dt: d
   data: [ 9.9991865661050838e-01, 1.2601235289508034e-02,
       -1.9720627309042426e-03, -1.2592907138123846e-02,
       9.9991196930534032e-01, 4.1799915941313675e-03,
       2.0245621864379655e-03, -4.1548175766062080e-03,
       9.9998931926238999e-01 ]
P1: !!opencv-matrix
   rows: 3
   cols: 4
   dt: d
   data: [ 3.5287425898260199e+02, 0., 1.5629953765869141e+02, 0., 0.,
       3.5287425898260199e+02, 1.2136702156066895e+02, 0., 0., 0., 1.,
       0. ]
P2: !!opencv-matrix
   rows: 3
   cols: 4
   dt: d
   data: [ 3.5287425898260199e+02, 0., 1.5629953765869141e+02,
       -1.3042621404607718e+04, 0., 3.5287425898260199e+02,
       1.2136702156066895e+02, 0., 0., 0., 1., 0. ]
Q: !!opencv-matrix
   rows: 4
   cols: 4
   dt: d
   data: [ 1., 0., 0., -1.5629953765869141e+02, 0., 1., 0.,
       -1.2136702156066895e+02, 0., 0., 0., 3.5287425898260199e+02, 0.,
       0., 2.7055470525115293e-02, 0. ]
